1000
969
447
115
489
286
730
252
366
211
395
11
41
477
727
203
701
194
621
923
670
582
601
414
931
265
982
410
27
296
880
493
568
638
416
516
428
599
495
504
449
269
590
337
573
551
382
527
677
950
372
327
657
754
23
323
193
125
533
534
134
562
68
336
571
635
182
930
6
267
309
147
973
912
138
222
559
742
513
94
875
117
954
945
966
472
978
817
180
379
801
659
926
827
118
421
821
422
593
109
838
99
289
608
175
874
983
833
201
910
723
226
770
518
943
732
787
419
668
418
929
55
318
774
539
411
936
942
697
771
254
294
204
351
685
229
512
484
713
232
729
302
481
656
231
375
198
812
257
90
789
673
736
710
508
877
595
667
439
377
868
402
185
370
828
721
3
555
307
911
944
399
864
478
744
136
239
476
164
276
9
173
213
856
977
333
740
364
205
644
602
822
283
400
908
7
752
794
963
702
949
778
25
345
894
840
58
26
694
124
773
106
676
442
781
578
160
918
853
968
18
275
159
101
651
654
243
14
541
820
692
394
156
116
427
162
311
328
703
603
614
89
240
46
459
984
230
437
5
871
497
485
588
625
63
247
550
975
315
74
460
768
907
709
488
290
905
223
424
408
707
546
2
480
321
319
957
86
170
940
391
127
763
861
607
784
367
581
597
843
964
962
464
891
609
928
615
648
331
695
77
31
438
374
869
506
788
547
444
610
51
686
661
575
79
450
636
363
762
83
714
785
186
15
133
613
453
62
293
60
563
705
285
494
163
126
846
574
34
819
525
663
152
777
552
212
948
791
554
824
700
850
545
104
167
454
349
671
526
925
934
158
234
993
469
837
899
810
509
360
348
612
43
536
92
892
553
40
998
985
291
388
722
876
857
281
672
169
619
192
474
21
960
209
150
59
733
310
896
178
641
248
579
155
842
698
218
432
436
997
456
591
148
129
519
805
425
137
330
680
396
314
834
36
626
187
16
664
130
168
811
266
682
313
646
585
996
335
718
342
652
434
172
423
808
120
761
287
17
57
262
953
33
44
334
941
717
629
244
845
889
914
855
274
326
976
322
357
344
407
458
71
627
538
932
594
121
675
897
445
502
255
690
537
849
500
696
523
658
825
340
903
470
829
10
20
807
863
866
529
795
628
305
564
320
37
639
809
605
521
356
228
567
355
271
280
66
939
650
84
851
786
88
620
284
404
358
69
157
986
802
473
65
558
75
886
490
32
225
600
793
190
708
273
885
841
766
100
898
882
277
54
67
890
737
245
640
393
12
378
946
246
630
662
724
161
177
72
354
45
955
297
415
1000
783
616
919
144
915
108
935
678
693
352
831
73
580
852
765
429
279
704
758
790
549
96
739
517
618
862
643
606
359
217
796
927
745
272
888
154
731
403
253
799
750
815
353
398
666
956
669
598
665
952
49
471
420
236
800
440
747
995
107
466
48
304
380
971
346
844
195
878
653
565
249
746
823
386
988
30
972
642
259
486
278
687
381
146
873
409
241
361
813
341
397
207
189
343
87
145
81
22
631
906
726
674
24
303
210
959
920
122
734
405
308
970
105
884
80
237
951
413
933
622
501
1
879
188
947
498
980
535
110
28
499
250
174
306
338
19
751
689
461
584
735
491
569
176
324
992
431
197
467
441
589
216
749
316
901
937
900
974
70
97
153
647
756
299
755
548
412
140
475
38
112
604
339
688
711
757
387
215
196
238
251
556
91
847
483
764
961
649
872
753
76
199
867
524
131
202
803
779
818
596
922
242
373
967
720
592
82
994
510
141
699
679
479
42
261
870
816
776
797
301
166
979
435
35
691
268
858
368
503
135
775
114
848
191
883
577
300
406
288
782
738
917
748
902
468
455
715
798
576
522
981
492
624
860
233
921
520
881
295
29
543
924
365
165
780
219
566
645
132
208
143
392
383
282
350
728
561
465
572
769
514
200
487
298
990
792
759
482
235
835
587
142
179
53
772
684
611
958
830
511
716
987
452
102
206
904
806
909
712
451
312
371
332
103
227
542
965
617
760
401
632
725
530
544
991
463
61
376
767
111
329
814
570
389
507
39
913
184
457
560
832
706
417
214
85
505
660
887
56
999
8
719
623
586
264
836
633
119
681
181
384
317
171
123
151
50
683
369
462
426
64
634
895
859
4
390
139
854
583
220
260
531
347
325
637
113
446
916
989
98
263
13
938
743
540
258
270
78
95
557
839
496
826
221
292
385
362
128
47
448
865
741
149
532
433
528
515
256
52
224
430
443
183
804
893
655
93
